72 79 82
53 59 66
57 63 78
53 68 98
59 76 120
53 81 136
53 92 156
50 96 169
55 100 173
58 103 170
57 66 67
53 62 65
56 67 78
57 72 98
58 77 112
54 81 130
53 96 158
48 102 174
52 105 177
57 105 176
71 88 76
60 81 73
61 79 89
59 79 100
58 82 118
62 91 140
55 101 163
44 109 180
47 109 183
56 110 181
80 104 83
64 94 78
63 93 89
59 88 100
57 85 110
51 91 134
51 101 161
46 110 179
44 112 184
56 118 190
88 121 83
68 109 76
59 104 83
63 104 106
60 105 126
63 105 141
48 108 163
24 114 185
23 114 190
28 112 188
104 146 83
85 139 85
72 134 94
75 134 117
77 131 142
71 128 160
65 129 173
56 128 185
47 133 200
34 123 195
111 159 85
94 146 81
81 142 88
78 147 106
88 153 138
89 152 166
81 151 185
76 147 197
75 154 211
60 140 206
105 157 85
92 150 86
77 142 89
74 143 97
76 146 114
86 149 145
89 152 168
89 153 184
81 156 205
89 161 221
116 166 93
102 158 84
93 155 93
93 158 107
96 161 121
98 163 140
100 162 163
105 164 185
105 167 197
100 168 212
116 165 92
108 162 93
104 162 97
102 163 110
101 166 126
104 167 140
107 167 153
107 167 173
115 171 195
113 173 206
46 52 53
45 52 49
52 50 67
50 51 74
56 60 93
59 67 114
57 73 130
47 72 138
48 76 142
45 82 147
53 61 57
60 70 65
58 63 76
52 57 82
47 59 90
52 65 102
54 69 115
53 77 132
57 82 141
64 93 159
68 78 66
60 70 59
59 74 80
57 74 100
49 76 124
43 81 143
43 83 150
46 84 152
55 87 154
54 93 163
78 93 69
66 86 63
66 92 79
71 92 105
64 90 120
61 95 150
55 101 168
53 100 171
55 98 170
56 101 172
89 112 74
77 103 69
71 107 80
75 111 108
76 109 130
77 112 151
69 118 177
56 116 188
54 112 186
47 109 180
104 139 81
94 131 83
84 132 85
77 133 107
79 132 126
84 130 156
80 131 178
69 134 192
63 130 200
55 127 200
120 165 90
106 154 82
95 151 84
96 155 114
95 158 131
101 158 164
105 159 189
96 157 204
92 160 216
72 144 209
117 164 86
107 160 87
101 156 88
98 159 106
99 163 132
104 164 153
108 164 176
111 167 196
105 170 215
96 165 221
120 165 87
110 159 82
106 158 90
104 162 105
104 165 124
106 168 143
107 166 162
113 169 185
116 172 200
104 170 215
118 166 91
113 163 92
104 161 98
98 158 105
94 158 111
100 162 132
101 162 145
107 164 168
113 167 191
122 177 214
53 57 55
55 49 50
72 49 62
68 52 85
55 51 93
58 56 105
54 57 113
55 61 125
55 68 132
52 74 142
71 60 57
67 57 55
81 55 74
76 61 101
66 61 110
63 63 116
60 66 126
62 69 132
60 73 140
60 80 147
76 73 58
72 70 55
68 77 74
69 72 100
66 76 119
63 80 137
58 84 149
54 82 150
57 80 150
55 84 150
81 90 67
74 85 63
72 90 77
71 85 94
66 83 112
57 89 144
54 93 159
50 91 161
62 94 161
65 99 170
100 111 75
87 102 66
85 109 80
84 112 102
85 108 126
86 111 151
80 118 174
74 117 186
72 112 183
68 108 177
119 142 80
105 133 79
100 141 88
100 142 111
100 142 134
104 137 161
99 140 180
95 143 201
90 138 206
67 127 197
130 163 82
121 155 80
106 154 83
107 161 110
109 165 135
114 163 167
115 162 186
110 163 209
103 162 217
82 146 211
128 168 81
118 162 81
108 156 85
100 157 96
98 158 117
104 162 142
105 162 169
112 165 190
113 171 216
107 172 229
134 175 89
123 166 84
122 168 95
117 168 108
111 169 125
115 172 142
118 171 164
121 171 185
130 177 204
120 177 221
138 177 93
131 175 96
127 173 107
122 173 117
116 172 128
114 172 135
119 175 149
122 174 172
128 178 193
134 182 207
86 53 53
90 52 58
90 51 64
96 53 78
86 52 95
77 59 113
63 60 118
58 56 120
62 61 125
62 68 135
94 62 57
95 60 57
95 56 68
92 49 78
91 55 108
70 59 114
68 62 119
64 66 130
66 72 136
70 81 149
97 78 65
94 70 58
100 74 77
96 68 88
98 81 129
80 81 143
70 81 147
67 82 151
70 87 157
67 87 158
99 91 65
84 81 59
89 88 72
93 99 101
95 96 127
88 100 153
78 104 169
70 101 168
71 97 167
62 95 164
105 105 68
95 102 66
93 103 77
102 113 104
102 110 125
98 113 149
91 118 174
80 117 182
75 111 180
68 108 177
122 138 75
112 128 75
107 132 79
101 133 102
102 135 127
100 128 150
101 136 176
97 141 195
87 136 203
81 131 202
141 168 84
129 157 78
122 159 87
118 158 110
117 161 133
118 159 162
120 159 182
116 163 206
109 161 218
93 153 217
140 175 86
133 169 86
124 169 89
123 169 112
122 171 133
121 173 155
123 171 178
129 174 200
130 184 224
113 173 227
142 177 87
137 173 86
133 175 101
127 173 116
126 175 130
124 178 147
125 177 163
128 177 188
133 181 206
129 182 222
137 176 84
136 174 98
132 174 108
124 170 108
124 173 126
118 173 137
118 173 148
124 174 174
131 177 194
140 186 217
108 59 58
106 54 62
107 53 72
107 52 77
112 53 94
97 52 101
88 57 118
75 59 123
66 60 127
73 71 138
112 62 58
118 54 55
114 55 69
109 54 82
123 57 105
114 61 122
93 64 127
79 67 133
79 74 141
75 80 146
115 76 58
115 67 58
116 63 71
115 69 90
121 64 105
120 80 141
97 82 146
89 84 152
83 87 154
76 85 154
114 89 63
107 83 60
113 85 70
116 89 93
115 87 112
113 96 149
96 98 160
88 100 168
85 98 167
86 104 174
128 116 72
106 101 65
107 101 74
113 109 100
111 116 118
113 114 155
102 121 181
94 119 186
87 113 183
77 110 179
137 137 77
124 127 75
124 132 82
123 136 108
126 143 135
124 137 156
121 139 182
115 143 198
104 142 206
97 133 197
146 159 75
139 157 76
135 158 81
135 160 108
136 167 138
132 165 166
133 162 184
130 165 206
123 167 225
107 155 216
150 176 78
140 171 77
135 169 81
131 169 104
129 171 124
129 174 153
133 173 177
134 175 202
131 183 226
125 180 236
152 186 87
142 179 79
141 179 98
139 181 118
133 178 128
136 183 152
132 182 168
136 182 190
142 187 213
138 188 228
147 183 90
145 181 92
147 184 116
143 184 123
138 181 132
138 185 151
132 183 162
133 182 178
140 186 196
147 189 213
127 52 57
130 52 63
131 52 73
134 53 86
135 54 96
140 56 112
130 59 123
105 58 125
94 61 127
88 67 132
137 63 60
140 53 57
142 54 70
136 52 83
133 53 98
146 55 119
123 57 121
106 65 130
96 73 135
92 78 144
145 84 69
140 70 61
150 62 74
140 66 90
136 63 104
157 64 127
132 73 141
116 81 147
106 89 155
94 89 156
142 96 67
135 85 64
144 84 72
138 87 96
136 86 111
153 87 134
141 99 161
117 101 166
111 104 171
104 103 169
147 111 68
134 104 62
139 102 73
143 108 98
145 114 126
153 114 148
144 125 180
122 120 185
114 118 184
111 117 183
154 139 73
142 130 73
138 130 75
135 129 98
136 131 125
139 143 147
134 139 179
123 145 201
116 140 200
113 137 203
164 163 79
150 155 74
149 156 79
149 157 105
146 158 130
149 165 165
148 163 184
140 164 206
134 166 221
126 158 216
172 184 80
160 181 77
159 180 83
158 181 108
155 181 136
152 188 166
150 186 187
154 185 209
155 191 231
139 186 235
170 191 81
164 188 77
158 186 92
159 191 117
159 190 131
154 192 154
156 195 177
153 193 197
159 196 220
155 197 233
160 187 83
153 185 84
154 186 102
156 187 116
159 192 137
147 187 146
152 192 171
147 190 181
152 192 200
163 200 228
162 51 61
163 49 67
161 49 80
161 49 88
165 52 106
167 50 116
169 57 129
142 56 130
123 65 135
117 76 141
164 63 61
165 47 55
167 47 69
168 49 89
163 51 102
176 55 127
167 61 132
138 62 133
123 76 144
116 80 145
171 84 63
169 68 63
172 59 74
171 59 89
170 64 110
176 60 127
168 64 134
145 77 144
131 86 153
114 87 150
171 103 67
166 91 62
171 83 71
170 84 91
161 87 111
162 87 128
169 82 139
153 96 157
132 101 164
120 105 170
179 123 71
166 111 67
167 104 75
173 107 96
165 110 123
169 112 143
185 114 160
164 119 177
136 122 185
129 123 187
183 146 74
170 137 73
173 136 80
170 134 99
172 138 126
175 142 153
181 145 177
169 151 201
145 147 204
137 144 202
182 163 71
175 158 69
175 158 82
175 160 107
172 159 128
175 165 161
177 176 183
167 170 206
156 168 221
140 161 217
182 184 73
173 181 70
173 181 75
173 181 96
173 182 121
173 184 152
173 190 184
175 189 211
166 192 228
158 191 241
185 199 77
176 195 77
174 193 87
174 196 114
178 199 132
179 202 157
175 203 182
170 202 204
174 204 226
176 208 240
181 199 86
171 194 83
174 196 100
175 197 120
177 203 141
181 208 167
173 207 178
170 206 196
170 205 210
176 209 229
189 35 59
189 36 68
189 40 84
192 44 96
194 42 108
203 44 121
192 49 128
177 56 132
153 57 131
139 69 140
200 61 61
199 42 61
201 34 68
200 37 87
201 40 104
197 43 118
189 57 132
164 56 128
147 61 131
143 83 152
202 94 67
199 74 64
204 49 70
203 55 91
204 59 110
203 63 127
196 65 138
170 65 136
157 82 149
140 94 158
199 112 70
196 96 64
205 88 76
207 86 93
205 88 117
206 93 138
200 96 152
182 85 149
164 102 166
147 106 168
203 129 66
195 113 63
199 111 74
207 112 96
208 113 119
204 115 143
201 116 159
196 113 166
178 120 178
160 123 184
208 148 67
198 143 68
198 142 73
197 137 90
204 140 119
197 140 145
200 144 170
207 143 182
187 147 197
168 151 205
209 175 76
200 165 71
200 162 79
200 161 105
197 160 125
200 164 154
200 167 178
208 167 196
194 172 216
177 169 215
204 189 77
198 184 74
198 184 82
201 187 111
200 185 132
197 186 159
200 190 185
202 201 207
194 198 229
177 190 234
206 206 77
200 205 71
200 204 88
202 208 113
205 212 134
205 212 156
201 212 183
199 218 211
201 218 235
190 217 243
197 209 76
192 207 81
193 208 98
193 209 113
196 212 131
200 217 159
204 222 185
200 224 204
194 224 222
200 227 245
230 39 71
229 33 75
225 39 92
225 43 104
225 40 112
225 49 126
218 45 131
201 55 135
179 62 138
162 65 137
226 65 66
223 35 62
225 33 76
224 31 90
225 42 109
219 49 122
211 55 134
192 61 137
169 62 135
162 72 138
228 97 67
227 69 63
226 50 73
226 59 92
225 67 112
224 66 127
218 72 139
199 73 144
173 62 136
164 81 147
229 118 66
230 102 66
231 92 74
232 86 93
228 92 116
225 93 132
223 87 145
212 89 152
187 82 149
179 104 166
234 139 74
226 124 68
231 119 77
233 117 98
234 115 121
231 118 143
231 119 162
224 122 172
205 113 170
186 127 180
234 159 75
226 149 70
226 144 78
228 143 98
235 144 124
237 144 148
233 150 172
231 148 187
219 143 189
199 149 198
232 174 69
227 170 68
229 169 85
228 171 104
229 167 127
236 170 155
232 171 177
232 174 199
232 168 204
208 173 215
233 196 70
227 193 73
226 192 81
229 194 107
230 193 128
226 191 152
227 194 179
232 200 206
235 199 222
221 201 235
229 217 81
222 211 70
222 211 92
224 212 123
226 214 136
227 214 161
224 213 185
226 218 212
228 226 233
218 221 243
228 224 80
220 221 83
220 222 108
221 222 124
221 225 141
224 228 165
229 231 182
222 232 204
222 238 233
225 236 248
230 29 70
230 31 77
228 27 88
230 42 102
230 44 111
230 51 124
229 50 131
223 52 137
206 56 135
180 56 132
234 56 66
233 39 70
233 40 78
231 42 95
230 47 106
230 51 120
224 54 127
220 55 136
202 55 136
188 64 138
242 106 75
238 86 73
234 70 83
235 71 97
233 72 115
232 73 128
228 73 137
223 78 148
204 76 148
188 72 142
243 124 74
241 110 71
240 100 83
240 91 100
239 93 120
237 95 135
238 103 152
230 101 158
217 97 159
197 87 151
248 138 74
244 128 74
246 118 80
247 117 101
247 120 127
245 122 143
246 124 160
240 125 173
229 121 173
209 112 165
251 161 71
249 154 72
249 151 77
248 148 101
251 146 126
250 143 146
248 144 164
244 144 179
236 146 189
224 142 190
247 186 84
246 180 78
247 177 90
247 176 109
245 173 130
250 173 158
247 171 176
242 174 197
242 173 208
234 167 205
247 201 82
245 197 81
247 199 100
246 201 118
246 200 138
245 197 156
248 199 181
242 197 205
246 201 222
242 195 223
249 223 79
246 219 84
246 222 108
247 222 126
247 225 142
246 223 169
248 222 184
250 225 212
250 228 235
248 222 240
252 244 80
249 242 92
250 243 115
251 243 135
250 243 153
250 246 174
251 244 190
250 241 209
250 246 234
253 252 253
255 255 255
255 255 255
254 255 255
255 255 255
254 255 255
255 255 255
254 255 255
255 255 255
255 255 255
255 255 255
255 255 255
255 255 255
255 255 255
255 255 255
255 255 255
255 255 254
255 255 255
255 255 255
255 255 255
255 255 255
254 255 254
254 255 254
255 255 255
255 255 255
255 255 255
255 255 255
255 255 255
255 255 255
255 255 255
255 255 255
255 255 254
255 255 254
255 255 255
255 255 255
255 255 255
255 255 254
255 255 255
255 255 255
255 255 255
255 255 255
145.000000
131.000000
134.000000
